 2026
 2024
 1350
 1070
 1209
 2265
 2311
 1101
  599
 1083
 2285
 1789
 2247
 1820
 1283
 2310
 2148
 2254
  847
 1314
 1060
 1478
 1543
 1229
 1662
 2150
  196
 1741
 2261
 1726
 1171
 2206
 1116
 1146
  667
 1487
 1108
  899
 1600
 1120
  786
 1665
 1289
  706
 2219
 1009
 1582
 1897
 1100
 1408
 2210
 1065
  537
 2300
 2293
  974
 1757
 1320
  958
 1021
 1999
  861
 1333
  816
 1783
 1079
 1740
  914
  524
 1129
  644
  296
 1364
 1389
  655
 2019
  617
  995
  167
 1416
 1569
 2266
 1275
 1488
 1280
 1982
 2038
  198
  629
 1915
  588
 1606
 1026
  624
  626
 1264
  823
 1528
 2169
 1374
 1981
 1164
 1902
 1345
 1139
  636
 1000
 2270
  595
 2165
 1717
 2061
 1958
 1458
 2230
  211
 1252
 1963
 1800
   77
 2004
 1966
 2028
  729
 2183
 1045
 2211
  891
  575
 2112
 1180
  189
  712
 1346
 1306
  923
 1453
 1910
  952
 1118
  977
 2179
  879
  723
 1372
 1427
 2023
 1542
 2044
 1551
 2288
 1296
 1611
 1131
  165
  748
 1729
  570
 1274
 1049
  822
  896
 1553
  609
  429
 1486
  718
 1242
 1806
  694
 2153
  863
 1136
 1029
 1776
 1575
  653
 1405
 2124
  643
 1051
 1089
 1475
 1885
 1017
 2191
 1832
 1022
 1978
 1122
 1102
  701
 1181
  941
  603
 1819
  892
  804
  692
  232
  803
  739
 2103
 1091
 1633
 1934
 1018
  652
 1233
  565
 1952
 2274
 1812
  928
 2122
 1629
 1733
 2174
  202
  987
  865
 2102
 2262
 2069
 1432
 1721
 1595
 2047
  683
 2034
  876
 1213
 1564
 1415
 1301
  175
 1418
 2073
 1005
 1884
  699
 1951
 2105
 1762
 1322
 1588
  162
 2260
 1271
 1267
 1995
 1040
 1624
 1244
 1426
 1859
 1511
 1130
  988
  670
 2299
 1937
 2146
 1492
 1868
 1057
  940
  697
 1761
 1433
 1979
 1190
 1339
 2177
  811
  710
  605
 1240
 2035
 2291
 1438
  639
  187
 1367
 1770
 1623
 2303
 1669
 1504
 2013
 1313
  968
 2085
 2282
 1880
  742
 1176
  788
 1423
 1032
  849
  764
 1004
 1440
 1635
 2161
 1905
 2252
 1165
  973
 1813
 1441
 1163
 1098
  591
 2278
 2018
  715
 1823
 1234
 1648
 2204
 1891
 1347
  794
 2010
 1535
 1688
 2065
 1683
  932
 1634
 2139
  713
  580
  840
  769
  720
  564
 1654
  766
  680
 1155
 1643
  663
 1992
  208
 1618
 1508
 1035
 1494
 1493
 1227
  174
 1675
 1566
 1544
 1039
 1255
 2014
 1751
 1170
 1474
  814
 1685
 1196
 1113
 2253
 1601
  890
 1012
  619
  206
 1846
 2131
 2015
 1886
 1297
 1617
  780
  906
  945
 1731
  981
  975
 1909
  668
 1277
 1752
 1521
 1121
  561
 1272
 1179
 1044
 1861
 1010
 1464
 2071
 1016
 2269
 1857
 1650
 1218
 2043
 1257
  746
  431
  176
 1444
 2309
  884
  598
  147
 1849
 1284
 1192
  911
  916
  716
  161
 1436
 1360
 1689
  657
 1245
  963
  592
 2163
 1145
  907
 1159
  757
 1027
 1030
 1421
 2041
 1939
 1173
 1827
  917
  711
  183
 1785
 2137
  749
 1088
  772
 1195
  212
 1918
  962
 1534
 1661
 1434
 1379
  953
  740
 1671
  615
 1185
  144
  681
  866
  601
  647
 1351
 1046
 1191
 1468
  577
 1728
 1676
 1838
 1076
  700
 1872
 1831
 1539
  620
 1680
 2121
 1541
 1845
 1659
 2136
 1114
 1476
 1069
 1462
 2187
 1818
 1250
  745
  405
 2147
 1383
 1546
 1273
 2221
 1933
 1922
 1802
 1496
 1854
  883
  942
 2032
 2116
 2022
 1093
 1502
 1597
 2229
  838
 1073
  805
 1777
 1388
  815
 2267
  833
 1178
 1573
 1210
  882
  834
 1961
 1718
 1222
 1125
 1896
  563
 2213
 1912
 1085
 1243
  239
 1584
 1744
 1592
 1308
 1887
 2118
 2240
 1964
 1207
 1437
 1771
 1809
 1704
 2133
 1479
 1919
 1225
  918
 1200
 2145
 1725
 1298
 1841
 1567
 2031
 1598
 1373
 2154
  843
 1913
 1509
  841
 1451
 1394
 1150
 2286
  938
 1063
  444
 1842
 1518
 1194
  651
 1878
 1690
  851
 1219
  687
  631
 1407
 1853
 2199
  984
 2070
 2245
  596
 1082
 2259
 2012
 1955
 2234
 2101
 2140
  642
 1967
 1359
  770
  433
 1828
 1450
 1449
 2037
  869
 1705
 1780
  837
  719
  536
 1944
  789
  593
 2000
  661
 2276
 1321
 1340
 2066
 1417
 1766
  979
 1357
 1834
  846
  432
  656
  625
 1292
 1203
  581
 2104
  818
 1613
  935
 2076
 2279
  937
 1795
 1816
 1996
 1779
 1799
 2246
 1370
  635
 1457
 1477
 1621
 1549
 1653
 2238
 1986
 1328
 1202
 2080
  755
 1220
 1343
 2093
 2087
 1940
 1990
 1663
 1824
  646
 2149
 1781
 2208
  725
  195
 2064
 1106
  707
  971
 1572
  930
 1332
  903
 1972
  855
 1138
  571
 1825
 1925
 2144
 2008
 1368
  622
 1971
 1590
 1099
  204
 1908
 1603
  623
  751
  828
 2036
 1529
 1133
 2275
 1612
  669
  675
 1765
  709
 1737
  708
 2173
 1151
  632
 1154
  676
 1376
  986
 2160
 2107
  691
 1949
  767
  641
 1557
  702
 1844
 1907
  205
  197
  750
 2284
 1385
 2127
  951
  844
  835
 2063
  688
 2089
 1072
 1362
 1550
 2195
 2100
 1928
 1796
 1786
  761
 1066
  567
 1763
  658
 1686
 1325
 1247
  955
 2250
 1973
 1132
 2088
 1655
 2298
 1787
 2117
  778
 1197
 1921
 1472
 1254
 1700
  621
  734
 1068
 2157
 1287
 1574
  862
 1637
 1664
 2009
 1319
 2077
 1788
  267
 1111
 1279
 1594
 2129
 1112
 2237
 1948
  574
 1028
 1526
 1775
 1241
  678
 1214
 1397
 2171
 1038
  200
 1645
 2166
  948
 2226
  990
 2016
 1994
  726
 1097
  677
  666
 1943
 1261
 1352
 1976
 1260
 1144
 1797
  682
 1822
 1580
 1363
 1365
   22
  912
 1058
 1950
  199
 2106
 2094
  671
 2046
 1773
  422
 1053
  905
 1870
 1266
 1015
  573
 2029
 1710
  864
 2002
  797
  901
 2290
 2081
 2192
 1794
 1300
 1206
 2242
 1562
 1384
 1837
 2067
 1249
 2258
  753
 1894
 1883
 1177
 2227
 1466
 2042
  989
 1326
  972
 1411
  808
  798
 1547
  874
 1695
 1160
  832
 1324
 1161
 1084
 1774
 1497
 1888
 1199
 1119
 1801
  616
 1074
 1548
  887
  802
 1513
 1080
 2125
 2263
 1420
 2306
 1087
  630
 1532
 2182
  209
 1727
  606
  850
 1288
  801
  856
 2091
  756
 1124
 1231
  872
 2020
  921
 2241
 1269
 2055
 1048
 1043
 1465
 1253
 2308
 1348
 2156
 1879
 1732
 2251
 1640
  218
 1864
 1403
 1945
  969
 2228
 1587
 1578
 1920
  785
 1071
 2050
 1295
 2255
 1335
  774
  714
 1742
 1871
  839
 1829
 1984
 1914
 1293
 1425
 1473
 1926
  812
 1768
  980
 2304
 1749
 1188
 1003
  633
  900
 1927
 1489
 1987
  763
 2168
  686
 2115
 1117
  428
 1847
 2167
  752
  193
 2059
 2049
 2021
  853
  674
 2164
 1911
  672
 1736
 1708
 2092
  956
 1366
 1715
 1081
  163
 1858
 2119
 1134
 1175
 1153
 1555
 1317
  186
  705
  727
  886
  781
 1527
 1804
  893
  689
  819
 2217
 1723
  813
 2184
 2186
  970
 2096
 1759
 1903
 1632
 1285
 1747
  806
 1201
  590
 1734
 1628
  579
  946
 1647
 1463
 2072
 1836
 1414
  885
 1917
 2155
  880
  800
 1530
 1429
 1865
  915
 1141
 2079
 1989
  997
 1892
  578
 1699
 1123
  556
 2114
  566
  695
 2078
  737
 1698
  782
  610
  287
 1792
 1630
 1607
 1056
 1672
 1156
 2181
  181
 1830
 1412
 1701
 1137
 1516
  983
 2305
  690
 2075
 1499
 2098
 1211
 1460
 1484
 2312
 1706
 1491
  954
 1930
  600
 1561
 1790
  889
  913
  589
 1941
 2027
 2045
 1798
 1382
 1381
 1452
 1993
 1537
  736
 1505
 1006
  875
  637
 1602
  758
 1658
  427
 2207
 1517
 1639
 1235
 1265
  728
 1873
 2074
 1893
 1052
 2232
 1755
 1850
  809
 1869
 1839
 1815
 1501
  881
 1956
 1341
 1270
  685
 1738
 1525
 1753
 1344
 1860
 1342
 1128
 1002
 2053
 1778
 1312
 1591
 1862
 1684
 1050
  585
 1764
 1942
  762
 1581
  628
 1867
 1310
  185
 1767
 1510
 1730
 2280
 1696
 1983
  831
 2176
 1198
 1115
  587
 1327
 2086
 1646
  604
 1262
  842
 1282
 2214
  961
 2025
 1843
 2218
 1142
 2170
 1805
 1615
 2095
  922
 1483
  369
  724
 1413
 1008
 1642
 1055
  826
 2197
 1652
 1406
 1745
 1353
 1392
 2289
 1248
 1169
 1075
 1565
 1852
 1323
  845
 1291
   76
 1960
 1238
 2235
 1461
 1711
 1309
  192
 1851
 1221
 1716
 1459
  607
 2292
 1610
 1641
 1560
 1182
 1158
 1977
 1237
  830
 1041
  999
 1714
  904
 2128
 1126
 1579
 1278
 1975
  858
 1445
  993
 2307
 2159
 1724
 1636
 1147
 2272
  810
 2062
 1668
 1398
 1311
  857
 1205
 1559
 1890
 1268
 1743
 1336
 1679
 1286
  960
  791
 1172
  929
 2083
 1586
  793
 1356
 2052
 2222
 1256
 1149
 2239
 1404
 1895
 1904
 1583
 1485
 1719
 2198
 1593
  618
 1393
 1307
 2273
 1094
 1390
  425
 1970
 1077
 1086
 1931
  924
 1756
  731
 1866
 1713
 1558
 1471
 1585
  645
  597
 2175
 2039
 1515
  169
 1988
  824
 2190
 2152
  776
 1193
 1305
 1616
  649
  902
  873
  634
  121
 1189
 1334
  944
  787
 1036
 1760
 2001
 1722
 1609
  602
 2271
 1315
 1455
 1687
 1037
  188
 1395
 1239
 1540
 1212
  933
 1608
  773
  783
 1503
 1570
 2142
 1456
 1482
 1208
 1991
 1589
 1900
 1424
 1454
 2249
 2281
 1791
 1538
 1331
 2054
  664
 1674
 1167
 1042
 1495
  665
 1848
 1439
 1929
  807
 2056
 1692
 1946
 2135
  852
 1143
 1545
 2203
 1174
  268
 1512
 1092
 2162
 1614
 1369
 1627
  836
 1490
 1746
 1519
 1419
 2301
 2082
  957
 1162
  996
 1105
 2109
  910
 1707
 1936
 1396
 2185
  765
 1399
 1299
 2233
 2130
  733
  825
 1793
 1898
 1835
  555
  554
  191
 2193
 2090
 1980
 2248
 2220
 1047
 1821
 2302
  662
 2216
 1031
 2196
 1833
 1033
 1875
 1811
 1019
 1304
 2132
 1377
  827
 1400
 2005
  640
 1954
 1899
 1104
 1556
  779
 1997
  738
 1375
  817
  949
 2158
 1469
  684
 1337
  614
  139
  848
 2108
  143
  594
  927
 1656
 2296
 1251
 2201
 1109
  777
  582
 1826
  898
 1998
 1784
 1554
 1014
  796
 1498
 1877
 1263
 1281
 1772
  696
 1782
  627
 1702
 1531
 1023
 1140
 1754
 1840
  426
 1571
 2212
  741
 2231
 1758
 1428
 1985
  919
 1681
 1246
 1386
 1924
  182
 1748
 2068
 1064
 1215
  868
  965
 1712
  730
 1223
 1232
 1500
 1358
 2030
  569
 1901
 1673
 2224
 1276
 1863
 2277
 1258
 2017
 1152
 1226
 1810
 2058
 2138
 1605
 2256
 1691
 1524
  976
  897
 1522
 1599
 1935
 1007
 1874
 2223
 1011
  994
 1184
 1435
 1186
 2007
 1387
  673
  931
   96
 2295
  820
  679
 1148
 1506
  775
 2202
 1378
  654
  576
 1536
 1001
  759
 1183
 2084
  966
 1735
 1678
 1552
 1533
 1135
 1817
 1062
 1889
 1447
 1626
  164
 1448
  704
 2287
 1959
 1644
 1107
 1739
  638
 2297
 2172
 1355
 2040
 1657
 1361
 1236
 2113
 1622
 2126
  722
 1330
 1078
 1876
 1157
 2180
 1882
  744
  985
 1947
 1230
 1430
 1402
 2051
 2194
 1443
  877
  959
 1625
 1916
  693
 1563
 2151
  967
  821
  732
 2243
 1968
  871
 2188
 2189
 1224
 2057
  939
 1631
 1422
 1303
 2294
 1906
 1568
 1480
  991
 1338
  438
 1953
 1470
 1881
 1110
 2011
 2200
 1651
  795
 1096
  950
  717
 1697
 1974
  799
 2257
 1067
 2110
 1103
 1814
 1962
 1670
 2264
  934
 1020
  194
 1446
  430
  964
 2205
 1216
  721
 2003
  947
  703
  735
 1856
  660
 1938
  586
 2244
 2236
 2225
  203
 2006
  870
 1596
 1604
 1013
 1807
 1969
 1677
 2048
 2099
 1025
 1481
 1507
  207
 1467
 1217
 1523
 1514
 1354
 1619
  698
  648
 1095
  992
 1090
 1769
  242
 1380
 1290
 1349
  190
  854
 2111
 1808
  888
 1442
 1204
 1666
 1703
 1409
  613
  583
  650
  936
  568
 1166
 1520
 1391
  998
  754
 2141
  608
 2060
 1803
  768
  860
  572
  978
 1620
 1576
 1577
 2215
 1932
 1720
  743
  760
  829
 1061
 1750
 1410
 2120
  611
 1923
 2143
 1638
  895
 1054
  894
  909
  790
 1024
 1965
 1660
  747
  982
  771
 1401
 1259
 2178
 1855
 1371
 1187
  920
 1957
  201
 1649
 1693
 1059
 1431
 1318
  859
  659
 2033
  584
 1127
 1694
 1329
 1316
 1168
 2134
 2097
  878
  792
  867
  784
 2123
 2268
 1682
 1034
 1228
  943
 1294
  926
 1302
  908
 1667
  538
  925
  612
 2283
 1709
 2209
